
Test for RotationAroundGivenAxis():
M=[0.99891001, -0.039878216, -0.024260338;
 0.039278779, 0.99892288, -0.024703907;
 0.02521936, 0.023724103, 0.99940038]

Test for ReadNormalsAndDirectionsFromFile():

Normals=[0.46046603, -0.47052163, 0.75271541;
 -0.48381317, -0.43415922, 0.75988853;
 -0.65996903, -0.0028302418, 0.75128746;
 0.57515419, 0.79837298, 0.17832063;
 0.52750528, 0.16702157, 0.83297175]

deltaL=[2.9919925, 3.1424439, 0.13401788;
 1.348405, 0.578821, 1.7193675;
 -6.1770816, -1.18028, -3.0741835;
 -4.8644977, -5.4849205, 6.6522331;
 4.5653458, -0.082584001, -4.1594067]

Distances=[1.8398435;
 2.0820284;
 1.801188;
 0.81910741;
 1.1683799]

Testd=[-1.1920929e-07, 2.3841858e-07;
 2.3841858e-07, 0.40285134;
 -1.8784835, -0.10805619;
 3.7708721, -2.2197459;
 1.6327368, 0.56251967]

Test for GenerateOrientation():

UA=[-0.77009255, -0.0090893535, 0.63786745;
 -0.6378938, 0, -0.77012432;
 0.0069999322, -0.99995869, -0.0057980423]

Test for GenerateOrientation():

CheckSymmetryEquivalence is 0

Test for Meshgrid():

U=[1, 2, 3;
 1, 2, 3;
 1, 2, 3;
 1, 2, 3;
 1, 2, 3]

V=[10, 10, 10;
 11, 11, 11;
 12, 12, 12;
 13, 13, 13;
 14, 14, 14]

Test for GenerateNet():

Number of rows=817

XYZ=[-0.77007806, -0.6379112, 0.0069968887;
 -0.81070459, -0.58507568, 0.021083895;
 -0.84821844, -0.52889669, 0.028174324;
 -0.88214719, -0.47013038, 0.028174324;
 -0.91204268, -0.40955296, 0.021083895;
 -0.93748635, -0.34795159, 0.0069968887;
 -0.64464599, -0.76396185, 0.028174324;
 -0.69210637, -0.71925813, 0.060469627;
 -0.73786706, -0.66944069, 0.086031012;
 -0.7814101, -0.61520088, 0.10452842;
 -0.82222664, -0.55727148, 0.11572322;
 -0.85982269, -0.49641886, 0.11947084;
 -0.89372462, -0.43343338, 0.11572322;
 -0.92348462, -0.36912054, 0.10452842;
 -0.94868618, -0.30429125, 0.086031012;
 -0.96894896, -0.23975269, 0.060469627;
 -0.98393339, -0.17629889, 0.028174324;
 -0.55006391, -0.83364636, 0.049633682;
 -0.59991473, -0.7945928, 0.093406051;
 -0.64903265, -0.74943835, 0.13076214;
 -0.69689113, -0.69881892, 0.1612293;
 -0.74296254, -0.64342445, 0.18442237;
 -0.78672409, -0.58399117, 0.20004894;
 -0.82766336, -0.52129275, 0.20791166;
 -0.86528444, -0.45613116, 0.20791166;
 -0.89911324, -0.38932747, 0.20004894;
 -0.92870319, -0.32171223, 0.18442237;
 -0.95364052, -0.25411597, 0.1612293;
 -0.97354895, -0.18735959, 0.13076214;
 -0.98809487, -0.12224504, 0.093406051;
 -0.99699086, -0.059546165, 0.049633682;
 -0.44692695, -0.89319247, 0.049633682;
 -0.49726096, -0.86128122, 0.10452842;
 -0.54783988, -0.82236832, 0.15356375;
 -0.59814698, -0.77701569, 0.19612989;
 -0.64765412, -0.72585106, 0.23169912;
 -0.69582784, -0.66956067, 0.25983083;
 -0.74213511, -0.60888112, 0.28017694;
 -0.78604889, -0.54459065, 0.29248598;
 -0.8270542, -0.47749999, 0.29660606;
 -0.86465383, -0.408443, 0.29248598;
 -0.89837408, -0.3382673, 0.28017694;
 -0.9277705, -0.26782426, 0.25983083;
 -0.95243245, -0.19795938, 0.23169912;
 -0.9719888, -0.12950262, 0.19612989;
 -0.98611182, -0.063259102, 0.15356375;
 -0.99452192, 0, 0.10452842;
 -0.99699086, 0.059546165, 0.049633682;
 -0.33928737, -0.94026077, 0.028174324;
 -0.38818014, -0.91683775, 0.093406051;
 -0.43827191, -0.88562745, 0.15356375;
 -0.48907381, -0.84710068, 0.20791166;
 -0.54007596, -0.80180484, 0.25578678;
 -0.59075302, -0.75035709, 0.29660606;
 -0.64056957, -0.6934368, 0.32987258;
 -0.68898606, -0.63177818, 0.35518241;
 -0.73546451, -0.56616086, 0.37222815;
 -0.77947468, -0.49740154, 0.38080308;
 -0.82049966, -0.42634413, 0.38080308;
 -0.85804194, -0.35385051, 0.37222815;
 -0.89162898, -0.28079033, 0.35518241;
 -0.92081869, -0.20803106, 0.32987258;
 -0.94520479, -0.13642856, 0.29660606;
 -0.96442133, -0.066817068, 0.25578678;
 -0.97814763, 0, 0.20791166;
 -0.98611182, 0.063259102, 0.15356375;
 -0.98809487, 0.12224504, 0.093406051;
 -0.98393339, 0.17629889, 0.028174324;
 -0.27684256, -0.95901078, 0.060469627;
 -0.32451633, -0.93679792, 0.13076214;
 -0.37384185, -0.90651834, 0.19612989;
 -0.4243454, -0.86862195, 0.25578678;
 -0.47552827, -0.82363909, 0.30901697;
 -0.52687168, -0.7721734, 0.35518241;
 -0.57784247, -0.71489465, 0.39373064;
 -0.62789857, -0.65253133, 0.42420062;
 -0.67649519, -0.58586204, 0.44622859;
 -0.72309035, -0.51570612, 0.45955139;
 -0.76715124, -0.44291496, 0.46401003;
 -0.80815977, -0.36836153, 0.45955139;
 -0.84561896, -0.29293102, 0.44622859;
 -0.879058, -0.21751045, 0.42420062;
 -0.90803814, -0.14297894, 0.39373064;
 -0.93215758, -0.070197582, 0.35518241;
 -0.95105654, 0, 0.30901697;
 -0.96442133, 0.066817068, 0.25578678;
 -0.9719888, 0.12950262, 0.19612989;
 -0.97354895, 0.18735959, 0.13076214;
 -0.96894896, 0.23975269, 0.060469627;
 -0.16740829, -0.98586285, 0.0069968887;
 -0.21081915, -0.97373194, 0.086031012;
 -0.25674936, -0.95293492, 0.1612293;
 -0.3047784, -0.92381042, 0.23169912;
 -0.35445181, -0.88678569, 0.29660606;
 -0.40528589, -0.84237093, 0.35518241;
 -0.45677274, -0.79115367, 0.40673661;
 -0.50838536, -0.73379099, 0.45066056;
 -0.55958354, -0.6710034, 0.48643681;
 -0.60981941, -0.60356468, 0.5136438;
 -0.65854347, -0.53229439, 0.53196168;
 -0.70521063, -0.45804772, 0.54117477;
 -0.74928629, -0.38170645, 0.54117477;
 -0.79025215, -0.30416819, 0.53196168;
 -0.82761204, -0.22633675, 0.5136438;
 -0.86089772, -0.14911187, 0.48643681;
 -0.88967437, -0.073379107, 0.45066056;
 -0.91354549, 0, 0.40673661;
 -0.93215758, 0.070197582, 0.35518241;
 -0.94520479, 0.13642856, 0.29660606;
 -0.95243245, 0.19795938, 0.23169912;
 -0.95364052, 0.25411597, 0.1612293;
 -0.94868618, 0.30429125, 0.086031012;
 -0.93748635, 0.34795159, 0.0069968887;
 -0.10133807, -0.99462861, 0.021083895;
 -0.14207456, -0.98432142, 0.10452842;
 -0.18574063, -0.96513665, 0.18442237;
 -0.23194262, -0.93738496, 0.25983083;
 -0.28024918, -0.90146792, 0.32987258;
 -0.3301957, -0.85787356, 0.39373064;
 -0.38128901, -0.80717015, 0.45066056;
 -0.43301272, -0.75000006, 0.49999997;
 -0.48483232, -0.68707162, 0.54117477;
 -0.5362013, -0.61915195, 0.57370639;
 -0.58656669, -0.54705715, 0.59721696;
 -0.63537514, -0.47164369, 0.61143327;
 -0.68207914, -0.39379856, 0.61619043;
 -0.726143, -0.31442913, 0.61143327;
 -0.76704872, -0.23445307, 0.59721696;
 -0.80430198, -0.15478799, 0.57370639;
 -0.83743763, -0.076341286, 0.54117477;
 -0.86602545, 0, 0.49999997;
 -0.88967437, 0.073379107, 0.45066056;
 -0.90803814, 0.14297894, 0.39373064;
 -0.92081869, 0.20803106, 0.32987258;
 -0.9277705, 0.26782426, 0.25983083;
 -0.92870319, 0.32171223, 0.18442237;
 -0.92348462, 0.36912054, 0.10452842;
 -0.91204268, 0.40955296, 0.021083895;
 -0.033928737, -0.99902707, 0.028174324;
 -0.071497969, -0.99070495, 0.11572322;
 -0.11238915, -0.9733187, 0.20004894;
 -0.15623897, -0.94714838, 0.28017694;
 -0.20264295, -0.91256851, 0.35518241;
 -0.25115943, -0.87004179, 0.42420062;
 -0.3013142, -0.82011527, 0.48643681;
 -0.35260531, -0.76341289, 0.54117477;
 -0.4045085, -0.70062929, 0.58778524;
 -0.45648253, -0.63252074, 0.6257326;
 -0.5079751, -0.55989736, 0.65458101;
 -0.558429, -0.48361376, 0.67399913;
 -0.60728776, -0.40455896, 0.68376428;
 -0.65400219, -0.32364717, 0.68376428;
 -0.69803625, -0.24180688, 0.67399913;
 -0.73887289, -0.15997067, 0.65458101;
 -0.77602029, -0.079065092, 0.6257326;
 -0.809017, 0, 0.58778524;
 -0.83743763, 0.076341286, 0.54117477;
 -0.86089772, 0.14911187, 0.48643681;
 -0.879058, 0.21751045, 0.42420062;
 -0.89162898, 0.28079033, 0.35518241;
 -0.89837408, 0.3382673, 0.28017694;
 -0.89911324, 0.38932747, 0.20004894;
 -0.89372462, 0.43343338, 0.11572322;
 -0.88214719, 0.47013038, 0.028174324;
 0.033928737, -0.99902707, 0.028174324;
 0, -0.99283773, 0.11947084;
 -0.037621062, -0.97742385, 0.20791166;
 -0.078604892, -0.95303369, 0.29248598;
 -0.12257742, -0.9200114, 0.37222815;
 -0.1691238, -0.878793, 0.44622859;
 -0.21779265, -0.82990146, 0.5136438;
 -0.26810065, -0.77393997, 0.57370639;
 -0.31953776, -0.71158588, 0.6257326;
 -0.37157243, -0.64358234, 0.66913056;
 -0.42365736, -0.57073027, 0.70340705;
 -0.47523534, -0.49387905, 0.72817224;
 -0.52574551, -0.41391721, 0.74314481;
 -0.57462901, -0.33176219, 0.7481547;
 -0.62133557, -0.24835035, 0.74314481;
 -0.66532952, -0.16462636, 0.72817224;
 -0.70609558, -0.081532896, 0.70340705;
 -0.74314487, 0, 0.66913056;
 -0.77602029, 0.079065092, 0.6257326;
 -0.80430198, 0.15478799, 0.57370639;
 -0.82761204, 0.22633675, 0.5136438;
 -0.84561896, 0.29293102, 0.44622859;
 -0.85804194, 0.35385051, 0.37222815;
 -0.86465383, 0.408443, 0.29248598;
 -0.86528444, 0.45613116, 0.20791166;
 -0.85982269, 0.49641886, 0.11947084;
 -0.84821844, 0.52889669, 0.028174324;
 0.10133807, -0.99462861, 0.021083895;
 0.071497969, -0.99070495, 0.11572322;
 0.037621062, -0.97742385, 0.20791166;
 0, -0.95499998, 0.29660606;
 -0.041024983, -0.92374563, 0.38080308;
 -0.085069455, -0.88406765, 0.45955139;
 -0.1317087, -0.83646256, 0.53196168;
 -0.18048204, -0.78151023, 0.59721696;
 -0.23089778, -0.71986806, 0.65458101;
 -0.28243825, -0.65226316, 0.70340705;
 -0.33456531, -0.57948411, 0.74314481;
 -0.38672632, -0.50237221, 0.7733466;
 -0.43835977, -0.42181188, 0.79367208;
 -0.48890179, -0.3387211, 0.80389237;
 -0.53779197, -0.25404081, 0.80389237;
 -0.58447969, -0.16872475, 0.79367208;
 -0.62843025, -0.083728701, 0.7733466;
 -0.66913062, 0, 0.74314481;
 -0.70609558, 0.081532896, 0.70340705;
 -0.73887289, 0.15997067, 0.65458101;
 -0.76704872, 0.23445307, 0.59721696;
 -0.79025215, 0.30416819, 0.53196168;
 -0.80815977, 0.36836153, 0.45955139;
 -0.82049966, 0.42634413, 0.38080308;
 -0.8270542, 0.47749999, 0.29660606;
 -0.82766336, 0.52129275, 0.20791166;
 -0.82222664, 0.55727148, 0.11572322;
 -0.81070459, 0.58507568, 0.021083895;
 0.16740829, -0.98586285, 0.0069968887;
 0.14207456, -0.98432142, 0.10452842;
 0.11238915, -0.9733187, 0.20004894;
 0.078604892, -0.95303369, 0.29248598;
 0.041024983, -0.92374563, 0.38080308;
 0, -0.88582993, 0.46401003;
 -0.044075664, -0.83975422, 0.54117477;
 -0.090767875, -0.78607285, 0.61143327;
 -0.13960725, -0.72542059, 0.67399913;
 -0.19009414, -0.65850544, 0.72817224;
 -0.24170394, -0.58610094, 0.7733466;
 -0.29389262, -0.50903696, 0.809017;
 -0.34610271, -0.4281911, 0.83478457;
 -0.39776927, -0.34447831, 0.85036129;
 -0.44832605, -0.25884116, 0.85557294;
 -0.49721161, -0.17223915, 0.85036129;
 -0.54387569, -0.08563821, 0.83478457;
 -0.58778524, 0, 0.809017;
 -0.62843025, 0.083728701, 0.7733466;
 -0.66532952, 0.16462636, 0.72817224;
 -0.69803625, 0.24180688, 0.67399913;
 -0.726143, 0.31442913, 0.61143327;
 -0.74928629, 0.38170645, 0.54117477;
 -0.76715124, 0.44291496, 0.46401003;
 -0.77947468, 0.49740154, 0.38080308;
 -0.78604889, 0.54459065, 0.29248598;
 -0.78672409, 0.58399117, 0.20004894;
 -0.7814101, 0.61520088, 0.10452842;
 -0.77007806, 0.6379112, 0.0069968887;
 0.21081915, -0.97373194, 0.086031012;
 0.18574063, -0.96513665, 0.18442237;
 0.15623897, -0.94714838, 0.28017694;
 0.12257742, -0.9200114, 0.37222815;
 0.085069455, -0.88406765, 0.45955139;
 0.044075664, -0.83975422, 0.54117477;
 0, -0.78759712, 0.61619043;
 -0.046714444, -0.72820616, 0.68376428;
 -0.095590092, -0.66226757, 0.74314481;
 -0.14611992, -0.59053659, 0.79367208;
 -0.19777298, -0.51382929, 0.83478457;
 -0.25, -0.43301269, 0.86602539;
 -0.30223936, -0.34899592, 0.88704747;
 -0.3539232, -0.26271984, 0.89761722;
 -0.40448368, -0.17514656, 0.89761722;
 -0.45335901, -0.087248981, 0.88704747;
 -0.5, 0, 0.86602539;
 -0.54387569, 0.08563821, 0.83478457;
 -0.58447969, 0.16872475, 0.79367208;
 -0.62133557, 0.24835035, 0.74314481;
 -0.65400219, 0.32364717, 0.68376428;
 -0.68207914, 0.39379856, 0.61619043;
 -0.70521063, 0.45804772, 0.54117477;
 -0.72309035, 0.51570612, 0.45955139;
 -0.73546451, 0.56616086, 0.37222815;
 -0.74213511, 0.60888112, 0.28017694;
 -0.74296254, 0.64342445, 0.18442237;
 -0.73786706, 0.66944069, 0.086031012;
 0.27684256, -0.95901078, 0.060469627;
 0.25674936, -0.95293492, 0.1612293;
 0.23194262, -0.93738496, 0.25983083;
 0.20264295, -0.91256851, 0.35518241;
 0.1691238, -0.878793, 0.44622859;
 0.1317087, -0.83646256, 0.53196168;
 0.090767875, -0.78607285, 0.61143327;
 0.046714444, -0.72820616, 0.68376428;
 0, -0.66352439, 0.7481547;
 -0.048890181, -0.59276187, 0.80389237;
 -0.099442318, -0.51671743, 0.85036129;
 -0.15111968, -0.43624488, 0.88704747;
 -0.20336832, -0.35224426, 0.91354543;
 -0.25562319, -0.26565143, 0.92956233;
 -0.30731419, -0.17742792, 0.93492103;
 -0.35787249, -0.088550471, 0.92956233;
 -0.40673664, 0, 0.91354543;
 -0.45335901, 0.087248981, 0.88704747;
 -0.49721161, 0.17223915, 0.85036129;
 -0.53779197, 0.25404081, 0.80389237;
 -0.57462901, 0.33176219, 0.7481547;
 -0.60728776, 0.40455896, 0.68376428;
 -0.63537514, 0.47164369, 0.61143327;
 -0.65854347, 0.53229439, 0.53196168;
 -0.67649519, 0.58586204, 0.44622859;
 -0.68898606, 0.63177818, 0.35518241;
 -0.69582784, 0.66956067, 0.25983083;
 -0.69689113, 0.69881892, 0.1612293;
 -0.69210637, 0.71925813, 0.060469627;
 0.33928737, -0.94026077, 0.028174324;
 0.32451633, -0.93679792, 0.13076214;
 0.3047784, -0.92381042, 0.23169912;
 0.28024918, -0.90146792, 0.32987258;
 0.25115943, -0.87004179, 0.42420062;
 0.21779265, -0.82990146, 0.5136438;
 0.18048204, -0.78151023, 0.59721696;
 0.13960725, -0.72542059, 0.67399913;
 0.095590092, -0.66226757, 0.74314481;
 0.048890181, -0.59276187, 0.80389237;
 0, -0.51768231, 0.85557294;
 -0.050560459, -0.43786639, 0.89761722;
 -0.10224928, -0.35420188, 0.92956233;
 -0.1545085, -0.26761657, 0.95105654;
 -0.20677023, -0.17906827, 0.9618631;
 -0.25846279, -0.089534134, 0.9618631;
 -0.309017, 0, 0.95105654;
 -0.35787249, 0.088550471, 0.92956233;
 -0.40448368, 0.17514656, 0.89761722;
 -0.44832605, 0.25884116, 0.85557294;
 -0.48890179, 0.3387211, 0.80389237;
 -0.52574551, 0.41391721, 0.74314481;
 -0.558429, 0.48361376, 0.67399913;
 -0.58656669, 0.54705715, 0.59721696;
 -0.60981941, 0.60356468, 0.5136438;
 -0.62789857, 0.65253133, 0.42420062;
 -0.64056957, 0.6934368, 0.32987258;
 -0.64765412, 0.72585106, 0.23169912;
 -0.64903265, 0.74943835, 0.13076214;
 -0.64464599, 0.76396185, 0.028174324;
 0.38818014, -0.91683775, 0.093406051;
 0.37384185, -0.90651834, 0.19612989;
 0.35445181, -0.88678569, 0.29660606;
 0.3301957, -0.85787356, 0.39373064;
 0.3013142, -0.82011527, 0.48643681;
 0.26810065, -0.77393997, 0.57370639;
 0.23089778, -0.71986806, 0.65458101;
 0.19009414, -0.65850544, 0.72817224;
 0.14611992, -0.59053659, 0.79367208;
 0.099442318, -0.51671743, 0.85036129;
 0.050560459, -0.43786639, 0.89761722;
 0, -0.35485584, 0.93492103;
 -0.051692557, -0.2686024, 0.9618631;
 -0.10395585, -0.18005681, 0.97814763;
 -0.15621975, -0.090193518, 0.98359573;
 -0.2079117, 0, 0.97814763;
 -0.25846279, 0.089534134, 0.9618631;
 -0.30731419, 0.17742792, 0.93492103;
 -0.3539232, 0.26271984, 0.89761722;
 -0.39776927, 0.34447831, 0.85036129;
 -0.43835977, 0.42181188, 0.79367208;
 -0.47523534, 0.49387905, 0.72817224;
 -0.5079751, 0.55989736, 0.65458101;
 -0.5362013, 0.61915195, 0.57370639;
 -0.55958354, 0.6710034, 0.48643681;
 -0.57784247, 0.71489465, 0.39373064;
 -0.59075302, 0.75035709, 0.29660606;
 -0.59814698, 0.77701569, 0.19612989;
 -0.59991473, 0.7945928, 0.093406051;
 0.44692695, -0.89319247, 0.049633682;
 0.43827191, -0.88562745, 0.15356375;
 0.4243454, -0.86862195, 0.25578678;
 0.40528589, -0.84237093, 0.35518241;
 0.38128901, -0.80717015, 0.45066056;
 0.35260531, -0.76341289, 0.54117477;
 0.31953776, -0.71158588, 0.6257326;
 0.28243825, -0.65226316, 0.70340705;
 0.24170394, -0.58610094, 0.7733466;
 0.19777298, -0.51382929, 0.83478457;
 0.15111968, -0.43624488, 0.88704747;
 0.10224928, -0.35420188, 0.92956233;
 0.051692557, -0.2686024, 0.9618631;
 0, -0.18038704, 0.98359573;
 -0.052264232, -0.090524308, 0.99452192;
 -0.10452846, 0, 0.99452192;
 -0.15621975, 0.090193518, 0.98359573;
 -0.20677023, 0.17906827, 0.9618631;
 -0.25562319, 0.26565143, 0.92956233;
 -0.30223936, 0.34899592, 0.88704747;
 -0.34610271, 0.4281911, 0.83478457;
 -0.38672632, 0.50237221, 0.7733466;
 -0.42365736, 0.57073027, 0.70340705;
 -0.45648253, 0.63252074, 0.6257326;
 -0.48483232, 0.68707162, 0.54117477;
 -0.50838536, 0.73379099, 0.45066056;
 -0.52687168, 0.7721734, 0.35518241;
 -0.54007596, 0.80180484, 0.25578678;
 -0.54783988, 0.82236832, 0.15356375;
 -0.55006391, 0.83364636, 0.049633682;
 0.49726096, -0.86128122, 0.10452842;
 0.48907381, -0.84710068, 0.20791166;
 0.47552827, -0.82363909, 0.30901697;
 0.45677274, -0.79115367, 0.40673661;
 0.43301272, -0.75000006, 0.49999997;
 0.4045085, -0.70062929, 0.58778524;
 0.37157243, -0.64358234, 0.66913056;
 0.33456531, -0.57948411, 0.74314481;
 0.29389262, -0.50903696, 0.809017;
 0.25, -0.43301269, 0.86602539;
 0.20336832, -0.35224426, 0.91354543;
 0.1545085, -0.26761657, 0.95105654;
 0.10395585, -0.18005681, 0.97814763;
 0.052264232, -0.090524308, 0.99452192;
 0, 0, 1;
 -0.052264232, 0.090524308, 0.99452192;
 -0.10395585, 0.18005681, 0.97814763;
 -0.1545085, 0.26761657, 0.95105654;
 -0.20336832, 0.35224426, 0.91354543;
 -0.25, 0.43301269, 0.86602539;
 -0.29389262, 0.50903696, 0.809017;
 -0.33456531, 0.57948411, 0.74314481;
 -0.37157243, 0.64358234, 0.66913056;
 -0.4045085, 0.70062929, 0.58778524;
 -0.43301272, 0.75000006, 0.49999997;
 -0.45677274, 0.79115367, 0.40673661;
 -0.47552827, 0.82363909, 0.30901697;
 -0.48907381, 0.84710068, 0.20791166;
 -0.49726096, 0.86128122, 0.10452842;
 0.55006391, -0.83364636, 0.049633682;
 0.54783988, -0.82236832, 0.15356375;
 0.54007596, -0.80180484, 0.25578678;
 0.52687168, -0.7721734, 0.35518241;
 0.50838536, -0.73379099, 0.45066056;
 0.48483232, -0.68707162, 0.54117477;
 0.45648253, -0.63252074, 0.6257326;
 0.42365736, -0.57073027, 0.70340705;
 0.38672632, -0.50237221, 0.7733466;
 0.34610271, -0.4281911, 0.83478457;
 0.30223936, -0.34899592, 0.88704747;
 0.25562319, -0.26565143, 0.92956233;
 0.20677023, -0.17906827, 0.9618631;
 0.15621975, -0.090193518, 0.98359573;
 0.10452846, 0, 0.99452192;
 0.052264232, 0.090524308, 0.99452192;
 0, 0.18038704, 0.98359573;
 -0.051692557, 0.2686024, 0.9618631;
 -0.10224928, 0.35420188, 0.92956233;
 -0.15111968, 0.43624488, 0.88704747;
 -0.19777298, 0.51382929, 0.83478457;
 -0.24170394, 0.58610094, 0.7733466;
 -0.28243825, 0.65226316, 0.70340705;
 -0.31953776, 0.71158588, 0.6257326;
 -0.35260531, 0.76341289, 0.54117477;
 -0.38128901, 0.80717015, 0.45066056;
 -0.40528589, 0.84237093, 0.35518241;
 -0.4243454, 0.86862195, 0.25578678;
 -0.43827191, 0.88562745, 0.15356375;
 -0.44692695, 0.89319247, 0.049633682;
 0.59991473, -0.7945928, 0.093406051;
 0.59814698, -0.77701569, 0.19612989;
 0.59075302, -0.75035709, 0.29660606;
 0.57784247, -0.71489465, 0.39373064;
 0.55958354, -0.6710034, 0.48643681;
 0.5362013, -0.61915195, 0.57370639;
 0.5079751, -0.55989736, 0.65458101;
 0.47523534, -0.49387905, 0.72817224;
 0.43835977, -0.42181188, 0.79367208;
 0.39776927, -0.34447831, 0.85036129;
 0.3539232, -0.26271984, 0.89761722;
 0.30731419, -0.17742792, 0.93492103;
 0.25846279, -0.089534134, 0.9618631;
 0.2079117, 0, 0.97814763;
 0.15621975, 0.090193518, 0.98359573;
 0.10395585, 0.18005681, 0.97814763;
 0.051692557, 0.2686024, 0.9618631;
 0, 0.35485584, 0.93492103;
 -0.050560459, 0.43786639, 0.89761722;
 -0.099442318, 0.51671743, 0.85036129;
 -0.14611992, 0.59053659, 0.79367208;
 -0.19009414, 0.65850544, 0.72817224;
 -0.23089778, 0.71986806, 0.65458101;
 -0.26810065, 0.77393997, 0.57370639;
 -0.3013142, 0.82011527, 0.48643681;
 -0.3301957, 0.85787356, 0.39373064;
 -0.35445181, 0.88678569, 0.29660606;
 -0.37384185, 0.90651834, 0.19612989;
 -0.38818014, 0.91683775, 0.093406051;
 0.64464599, -0.76396185, 0.028174324;
 0.64903265, -0.74943835, 0.13076214;
 0.64765412, -0.72585106, 0.23169912;
 0.64056957, -0.6934368, 0.32987258;
 0.62789857, -0.65253133, 0.42420062;
 0.60981941, -0.60356468, 0.5136438;
 0.58656669, -0.54705715, 0.59721696;
 0.558429, -0.48361376, 0.67399913;
 0.52574551, -0.41391721, 0.74314481;
 0.48890179, -0.3387211, 0.80389237;
 0.44832605, -0.25884116, 0.85557294;
 0.40448368, -0.17514656, 0.89761722;
 0.35787249, -0.088550471, 0.92956233;
 0.309017, 0, 0.95105654;
 0.25846279, 0.089534134, 0.9618631;
 0.20677023, 0.17906827, 0.9618631;
 0.1545085, 0.26761657, 0.95105654;
 0.10224928, 0.35420188, 0.92956233;
 0.050560459, 0.43786639, 0.89761722;
 0, 0.51768231, 0.85557294;
 -0.048890181, 0.59276187, 0.80389237;
 -0.095590092, 0.66226757, 0.74314481;
 -0.13960725, 0.72542059, 0.67399913;
 -0.18048204, 0.78151023, 0.59721696;
 -0.21779265, 0.82990146, 0.5136438;
 -0.25115943, 0.87004179, 0.42420062;
 -0.28024918, 0.90146792, 0.32987258;
 -0.3047784, 0.92381042, 0.23169912;
 -0.32451633, 0.93679792, 0.13076214;
 -0.33928737, 0.94026077, 0.028174324;
 0.69210637, -0.71925813, 0.060469627;
 0.69689113, -0.69881892, 0.1612293;
 0.69582784, -0.66956067, 0.25983083;
 0.68898606, -0.63177818, 0.35518241;
 0.67649519, -0.58586204, 0.44622859;
 0.65854347, -0.53229439, 0.53196168;
 0.63537514, -0.47164369, 0.61143327;
 0.60728776, -0.40455896, 0.68376428;
 0.57462901, -0.33176219, 0.7481547;
 0.53779197, -0.25404081, 0.80389237;
 0.49721161, -0.17223915, 0.85036129;
 0.45335901, -0.087248981, 0.88704747;
 0.40673664, 0, 0.91354543;
 0.35787249, 0.088550471, 0.92956233;
 0.30731419, 0.17742792, 0.93492103;
 0.25562319, 0.26565143, 0.92956233;
 0.20336832, 0.35224426, 0.91354543;
 0.15111968, 0.43624488, 0.88704747;
 0.099442318, 0.51671743, 0.85036129;
 0.048890181, 0.59276187, 0.80389237;
 0, 0.66352439, 0.7481547;
 -0.046714444, 0.72820616, 0.68376428;
 -0.090767875, 0.78607285, 0.61143327;
 -0.1317087, 0.83646256, 0.53196168;
 -0.1691238, 0.878793, 0.44622859;
 -0.20264295, 0.91256851, 0.35518241;
 -0.23194262, 0.93738496, 0.25983083;
 -0.25674936, 0.95293492, 0.1612293;
 -0.27684256, 0.95901078, 0.060469627;
 0.73786706, -0.66944069, 0.086031012;
 0.74296254, -0.64342445, 0.18442237;
 0.74213511, -0.60888112, 0.28017694;
 0.73546451, -0.56616086, 0.37222815;
 0.72309035, -0.51570612, 0.45955139;
 0.70521063, -0.45804772, 0.54117477;
 0.68207914, -0.39379856, 0.61619043;
 0.65400219, -0.32364717, 0.68376428;
 0.62133557, -0.24835035, 0.74314481;
 0.58447969, -0.16872475, 0.79367208;
 0.54387569, -0.08563821, 0.83478457;
 0.5, 0, 0.86602539;
 0.45335901, 0.087248981, 0.88704747;
 0.40448368, 0.17514656, 0.89761722;
 0.3539232, 0.26271984, 0.89761722;
 0.30223936, 0.34899592, 0.88704747;
 0.25, 0.43301269, 0.86602539;
 0.19777298, 0.51382929, 0.83478457;
 0.14611992, 0.59053659, 0.79367208;
 0.095590092, 0.66226757, 0.74314481;
 0.046714444, 0.72820616, 0.68376428;
 0, 0.78759712, 0.61619043;
 -0.044075664, 0.83975422, 0.54117477;
 -0.085069455, 0.88406765, 0.45955139;
 -0.12257742, 0.9200114, 0.37222815;
 -0.15623897, 0.94714838, 0.28017694;
 -0.18574063, 0.96513665, 0.18442237;
 -0.21081915, 0.97373194, 0.086031012;
 0.77007806, -0.6379112, 0.0069968887;
 0.7814101, -0.61520088, 0.10452842;
 0.78672409, -0.58399117, 0.20004894;
 0.78604889, -0.54459065, 0.29248598;
 0.77947468, -0.49740154, 0.38080308;
 0.76715124, -0.44291496, 0.46401003;
 0.74928629, -0.38170645, 0.54117477;
 0.726143, -0.31442913, 0.61143327;
 0.69803625, -0.24180688, 0.67399913;
 0.66532952, -0.16462636, 0.72817224;
 0.62843025, -0.083728701, 0.7733466;
 0.58778524, 0, 0.809017;
 0.54387569, 0.08563821, 0.83478457;
 0.49721161, 0.17223915, 0.85036129;
 0.44832605, 0.25884116, 0.85557294;
 0.39776927, 0.34447831, 0.85036129;
 0.34610271, 0.4281911, 0.83478457;
 0.29389262, 0.50903696, 0.809017;
 0.24170394, 0.58610094, 0.7733466;
 0.19009414, 0.65850544, 0.72817224;
 0.13960725, 0.72542059, 0.67399913;
 0.090767875, 0.78607285, 0.61143327;
 0.044075664, 0.83975422, 0.54117477;
 0, 0.88582993, 0.46401003;
 -0.041024983, 0.92374563, 0.38080308;
 -0.078604892, 0.95303369, 0.29248598;
 -0.11238915, 0.9733187, 0.20004894;
 -0.14207456, 0.98432142, 0.10452842;
 -0.16740829, 0.98586285, 0.0069968887;
 0.81070459, -0.58507568, 0.021083895;
 0.82222664, -0.55727148, 0.11572322;
 0.82766336, -0.52129275, 0.20791166;
 0.8270542, -0.47749999, 0.29660606;
 0.82049966, -0.42634413, 0.38080308;
 0.80815977, -0.36836153, 0.45955139;
 0.79025215, -0.30416819, 0.53196168;
 0.76704872, -0.23445307, 0.59721696;
 0.73887289, -0.15997067, 0.65458101;
 0.70609558, -0.081532896, 0.70340705;
 0.66913062, 0, 0.74314481;
 0.62843025, 0.083728701, 0.7733466;
 0.58447969, 0.16872475, 0.79367208;
 0.53779197, 0.25404081, 0.80389237;
 0.48890179, 0.3387211, 0.80389237;
 0.43835977, 0.42181188, 0.79367208;
 0.38672632, 0.50237221, 0.7733466;
 0.33456531, 0.57948411, 0.74314481;
 0.28243825, 0.65226316, 0.70340705;
 0.23089778, 0.71986806, 0.65458101;
 0.18048204, 0.78151023, 0.59721696;
 0.1317087, 0.83646256, 0.53196168;
 0.085069455, 0.88406765, 0.45955139;
 0.041024983, 0.92374563, 0.38080308;
 0, 0.95499998, 0.29660606;
 -0.037621062, 0.97742385, 0.20791166;
 -0.071497969, 0.99070495, 0.11572322;
 -0.10133807, 0.99462861, 0.021083895;
 0.84821844, -0.52889669, 0.028174324;
 0.85982269, -0.49641886, 0.11947084;
 0.86528444, -0.45613116, 0.20791166;
 0.86465383, -0.408443, 0.29248598;
 0.85804194, -0.35385051, 0.37222815;
 0.84561896, -0.29293102, 0.44622859;
 0.82761204, -0.22633675, 0.5136438;
 0.80430198, -0.15478799, 0.57370639;
 0.77602029, -0.079065092, 0.6257326;
 0.74314487, 0, 0.66913056;
 0.70609558, 0.081532896, 0.70340705;
 0.66532952, 0.16462636, 0.72817224;
 0.62133557, 0.24835035, 0.74314481;
 0.57462901, 0.33176219, 0.7481547;
 0.52574551, 0.41391721, 0.74314481;
 0.47523534, 0.49387905, 0.72817224;
 0.42365736, 0.57073027, 0.70340705;
 0.37157243, 0.64358234, 0.66913056;
 0.31953776, 0.71158588, 0.6257326;
 0.26810065, 0.77393997, 0.57370639;
 0.21779265, 0.82990146, 0.5136438;
 0.1691238, 0.878793, 0.44622859;
 0.12257742, 0.9200114, 0.37222815;
 0.078604892, 0.95303369, 0.29248598;
 0.037621062, 0.97742385, 0.20791166;
 0, 0.99283773, 0.11947084;
 -0.033928737, 0.99902707, 0.028174324;
 0.88214719, -0.47013038, 0.028174324;
 0.89372462, -0.43343338, 0.11572322;
 0.89911324, -0.38932747, 0.20004894;
 0.89837408, -0.3382673, 0.28017694;
 0.89162898, -0.28079033, 0.35518241;
 0.879058, -0.21751045, 0.42420062;
 0.86089772, -0.14911187, 0.48643681;
 0.83743763, -0.076341286, 0.54117477;
 0.809017, 0, 0.58778524;
 0.77602029, 0.079065092, 0.6257326;
 0.73887289, 0.15997067, 0.65458101;
 0.69803625, 0.24180688, 0.67399913;
 0.65400219, 0.32364717, 0.68376428;
 0.60728776, 0.40455896, 0.68376428;
 0.558429, 0.48361376, 0.67399913;
 0.5079751, 0.55989736, 0.65458101;
 0.45648253, 0.63252074, 0.6257326;
 0.4045085, 0.70062929, 0.58778524;
 0.35260531, 0.76341289, 0.54117477;
 0.3013142, 0.82011527, 0.48643681;
 0.25115943, 0.87004179, 0.42420062;
 0.20264295, 0.91256851, 0.35518241;
 0.15623897, 0.94714838, 0.28017694;
 0.11238915, 0.9733187, 0.20004894;
 0.071497969, 0.99070495, 0.11572322;
 0.033928737, 0.99902707, 0.028174324;
 0.91204268, -0.40955296, 0.021083895;
 0.92348462, -0.36912054, 0.10452842;
 0.92870319, -0.32171223, 0.18442237;
 0.9277705, -0.26782426, 0.25983083;
 0.92081869, -0.20803106, 0.32987258;
 0.90803814, -0.14297894, 0.39373064;
 0.88967437, -0.073379107, 0.45066056;
 0.86602545, 0, 0.49999997;
 0.83743763, 0.076341286, 0.54117477;
 0.80430198, 0.15478799, 0.57370639;
 0.76704872, 0.23445307, 0.59721696;
 0.726143, 0.31442913, 0.61143327;
 0.68207914, 0.39379856, 0.61619043;
 0.63537514, 0.47164369, 0.61143327;
 0.58656669, 0.54705715, 0.59721696;
 0.5362013, 0.61915195, 0.57370639;
 0.48483232, 0.68707162, 0.54117477;
 0.43301272, 0.75000006, 0.49999997;
 0.38128901, 0.80717015, 0.45066056;
 0.3301957, 0.85787356, 0.39373064;
 0.28024918, 0.90146792, 0.32987258;
 0.23194262, 0.93738496, 0.25983083;
 0.18574063, 0.96513665, 0.18442237;
 0.14207456, 0.98432142, 0.10452842;
 0.10133807, 0.99462861, 0.021083895;
 0.93748635, -0.34795159, 0.0069968887;
 0.94868618, -0.30429125, 0.086031012;
 0.95364052, -0.25411597, 0.1612293;
 0.95243245, -0.19795938, 0.23169912;
 0.94520479, -0.13642856, 0.29660606;
 0.93215758, -0.070197582, 0.35518241;
 0.91354549, 0, 0.40673661;
 0.88967437, 0.073379107, 0.45066056;
 0.86089772, 0.14911187, 0.48643681;
 0.82761204, 0.22633675, 0.5136438;
 0.79025215, 0.30416819, 0.53196168;
 0.74928629, 0.38170645, 0.54117477;
 0.70521063, 0.45804772, 0.54117477;
 0.65854347, 0.53229439, 0.53196168;
 0.60981941, 0.60356468, 0.5136438;
 0.55958354, 0.6710034, 0.48643681;
 0.50838536, 0.73379099, 0.45066056;
 0.45677274, 0.79115367, 0.40673661;
 0.40528589, 0.84237093, 0.35518241;
 0.35445181, 0.88678569, 0.29660606;
 0.3047784, 0.92381042, 0.23169912;
 0.25674936, 0.95293492, 0.1612293;
 0.21081915, 0.97373194, 0.086031012;
 0.16740829, 0.98586285, 0.0069968887;
 0.96894896, -0.23975269, 0.060469627;
 0.97354895, -0.18735959, 0.13076214;
 0.9719888, -0.12950262, 0.19612989;
 0.96442133, -0.066817068, 0.25578678;
 0.95105654, 0, 0.30901697;
 0.93215758, 0.070197582, 0.35518241;
 0.90803814, 0.14297894, 0.39373064;
 0.879058, 0.21751045, 0.42420062;
 0.84561896, 0.29293102, 0.44622859;
 0.80815977, 0.36836153, 0.45955139;
 0.76715124, 0.44291496, 0.46401003;
 0.72309035, 0.51570612, 0.45955139;
 0.67649519, 0.58586204, 0.44622859;
 0.62789857, 0.65253133, 0.42420062;
 0.57784247, 0.71489465, 0.39373064;
 0.52687168, 0.7721734, 0.35518241;
 0.47552827, 0.82363909, 0.30901697;
 0.4243454, 0.86862195, 0.25578678;
 0.37384185, 0.90651834, 0.19612989;
 0.32451633, 0.93679792, 0.13076214;
 0.27684256, 0.95901078, 0.060469627;
 0.98393339, -0.17629889, 0.028174324;
 0.98809487, -0.12224504, 0.093406051;
 0.98611182, -0.063259102, 0.15356375;
 0.97814763, 0, 0.20791166;
 0.96442133, 0.066817068, 0.25578678;
 0.94520479, 0.13642856, 0.29660606;
 0.92081869, 0.20803106, 0.32987258;
 0.89162898, 0.28079033, 0.35518241;
 0.85804194, 0.35385051, 0.37222815;
 0.82049966, 0.42634413, 0.38080308;
 0.77947468, 0.49740154, 0.38080308;
 0.73546451, 0.56616086, 0.37222815;
 0.68898606, 0.63177818, 0.35518241;
 0.64056957, 0.6934368, 0.32987258;
 0.59075302, 0.75035709, 0.29660606;
 0.54007596, 0.80180484, 0.25578678;
 0.48907381, 0.84710068, 0.20791166;
 0.43827191, 0.88562745, 0.15356375;
 0.38818014, 0.91683775, 0.093406051;
 0.33928737, 0.94026077, 0.028174324;
 0.99699086, -0.059546165, 0.049633682;
 0.99452192, 0, 0.10452842;
 0.98611182, 0.063259102, 0.15356375;
 0.9719888, 0.12950262, 0.19612989;
 0.95243245, 0.19795938, 0.23169912;
 0.9277705, 0.26782426, 0.25983083;
 0.89837408, 0.3382673, 0.28017694;
 0.86465383, 0.408443, 0.29248598;
 0.8270542, 0.47749999, 0.29660606;
 0.78604889, 0.54459065, 0.29248598;
 0.74213511, 0.60888112, 0.28017694;
 0.69582784, 0.66956067, 0.25983083;
 0.64765412, 0.72585106, 0.23169912;
 0.59814698, 0.77701569, 0.19612989;
 0.54783988, 0.82236832, 0.15356375;
 0.49726096, 0.86128122, 0.10452842;
 0.44692695, 0.89319247, 0.049633682;
 0.99699086, 0.059546165, 0.049633682;
 0.98809487, 0.12224504, 0.093406051;
 0.97354895, 0.18735959, 0.13076214;
 0.95364052, 0.25411597, 0.1612293;
 0.92870319, 0.32171223, 0.18442237;
 0.89911324, 0.38932747, 0.20004894;
 0.86528444, 0.45613116, 0.20791166;
 0.82766336, 0.52129275, 0.20791166;
 0.78672409, 0.58399117, 0.20004894;
 0.74296254, 0.64342445, 0.18442237;
 0.69689113, 0.69881892, 0.1612293;
 0.64903265, 0.74943835, 0.13076214;
 0.59991473, 0.7945928, 0.093406051;
 0.55006391, 0.83364636, 0.049633682;
 0.98393339, 0.17629889, 0.028174324;
 0.96894896, 0.23975269, 0.060469627;
 0.94868618, 0.30429125, 0.086031012;
 0.92348462, 0.36912054, 0.10452842;
 0.89372462, 0.43343338, 0.11572322;
 0.85982269, 0.49641886, 0.11947084;
 0.82222664, 0.55727148, 0.11572322;
 0.7814101, 0.61520088, 0.10452842;
 0.73786706, 0.66944069, 0.086031012;
 0.69210637, 0.71925813, 0.060469627;
 0.64464599, 0.76396185, 0.028174324;
 0.93748635, 0.34795159, 0.0069968887;
 0.91204268, 0.40955296, 0.021083895;
 0.88214719, 0.47013038, 0.028174324;
 0.84821844, 0.52889669, 0.028174324;
 0.81070459, 0.58507568, 0.021083895;
 0.77007806, 0.6379112, 0.0069968887]

Test for Angle12():

A=[92.821815;
 40.811493]

Test 1 for ProjectABCtoPolyhedronFaces3():

T=[-45.222519, 42.022675;
 -1.3294983, 10.333882;
 1.1894073, 18.20536;
 -13.535782, 42.572025;
 -17.301964, 10.70552]

Test 2 for ProjectABCtoPolyhedronFaces3():

T=[]

Test for PredictEasyPolishingDirection():

phi=[-15.915895]

Test for ScanAllOrientations_FinalVersion():

UA=[0.726143, -0.6441015, 0.24051943;
 0.31442913, 0, -0.94928098;
 0.61143327, 0.76494002, 0.20252427]

Table=[-45.222824, 42.998085;
 -1.3298874, 10.527698;
 1.1895218, 16.809319;
 -13.535805, 44.881142;
 -17.301895, 10.195665]

///////////////   MAIN PART       /////////////////

Normals=[0.46046603, -0.47052163, 0.75271541;
 -0.48381317, -0.43415922, 0.75988853;
 -0.65996903, -0.0028302418, 0.75128746;
 0.57515419, 0.79837298, 0.17832063;
 0.52750528, 0.16702157, 0.83297175]

deltaL=[2.9919925, 3.1424439, 0.13401788;
 1.348405, 0.578821, 1.7193675;
 -6.1770816, -1.18028, -3.0741835;
 -4.8644977, -5.4849205, 6.6522331;
 4.5653458, -0.082584001, -4.1594067]

Distances=[1.8398435;
 2.0820284;
 1.801188;
 0.81910741;
 1.1683799]

UA=[0.726143, -0.6441015, 0.24051943;
 0.31442913, 0, -0.94928098;
 0.61143327, 0.76494002, 0.20252427]

Table=[-45.222824, 42.998085;
 -1.3298874, 10.527698;
 1.1895218, 16.809319;
 -13.535805, 44.881142;
 -17.301895, 10.195665]

phi=[-15.916542]
Program ended with exit code: 0